nspecies	species_name	Family	SuperFamily	Order	Environment	Environment3	D1	D2	D3	D4	D5	D6	D7	D8	D9	D10	D11	D12	D13	D14	D15	D16	D17	D18	D19	D20	D21	D22	D23	D24
1	Geochelone_nigra	1	0	0	1	1	58.52623778	116.7616957	15.29399175	22.6463399	74.37400501	38.45849957	38.61210913	41.08503728	30.07190798	24.41893304	41.88890949	64.21638903	88.77673961	28.056398	30.82420388	92.64596747	66.34308624	34.31106043	58.32344446	56.87773977	82.69146176	28.24833737	34.6440805	13.76726069
2	Testudo_kleinmani	1	0	0	1	1	11.50911234	23.0032752	5.595909077	5.188905143	16.24782912	7.010065128	5.671860089	7.062473367	4.988913887	5.615948408	6.490606351	10.98260264	15.44626258	6.273680156	7.254977716	17.81048574	10.20817828	6.008088198	13.14292683	12.81666963	13.96058119	5.711963306	8.123915312	2.649454661
3	Geochelone_denticulata	1	0	0	1	1	25.71117498	53.37153572	11.84755874	9.568577959	31.11029963	13.03882825	11.18630244	19.93865868	14.70250895	12.51970744	13.556103	25.13808595	30.5660408	12.5229875	14.94426936	36.81239396	26.72075368	14.34367722	27.04442446	26.38152758	30.3719246	14.64218371	16.97927841	6.255008157
4	Geochelone_sulcata	1	0	0	1	1	50.94348727	88.01402904	15.4094043	18.41504618	64.88099528	29.52449519	30.42123638	24.66930349	23.47883158	14.93034605	35.93112768	43.55671539	69.29162959	15.46840858	22.20567038	71.71688077	56.17976784	22.8585316	45.50948766	46.34290365	61.92064221	21.95189804	26.55513026	9.635013629
5	Kinixys_belliana	1	0	0	1	1	15.91969264	35.69074097	9.279342626	4.884801795	20.06705647	8.65353432	9.55309488	12.24850601	10.04664464	7.357681799	12.79753704	18.21248271	26.53546425	11.43133222	12.09258259	22.4997499	18.38343091	8.874984871	17.67997881	17.21564999	20.78163147	9.628618274	11.620734	4.130069113
6	Gopherus_polyphemus	1	0	0	1	1	27.21729602	50.4636678	14.05587621	9.90741741	36.62262427	16.50254908	13.64145172	17.02552577	16.02266096	14.97560841	19.31587097	27.58170814	33.23050606	13.46882863	14.62774877	44.64945061	35.94478838	14.01361365	24.73024091	29.23264653	32.85935558	12.66585218	18.38709973	4.388552369
7	Manouria_emys	1	0	0	1	1	35.79955686	79.17015793	15.90107926	11.21605771	43.04777606	23.35514234	22.58503521	28.45976563	22.083457	16.8241718	24.88843011	44.10886292	56.46377502	18.30259476	18.03992385	51.82434938	39.27521642	23.30088187	28.99521054	32.58689101	51.44736928	19.14291241	23.67788384	10.90764512
8	Indotestudo_forsteni	1	0	0	1	1	16.66121461	36.89161791	8.099296804	5.841407491	21.54459138	11.56273976	9.253519718	12.7056807	9.433584513	8.360945095	11.66819815	20.7326787	25.93667582	10.48955923	11.55254367	28.15470167	19.23261636	10.602527	15.30952978	18.9970159	22.28018944	11.06838867	11.31872288	3.007895144
9	Testudo_horsfieldi	1	0	0	1	1	13.52540032	29.47880037	6.729286976	6.146202187	17.62084754	9.616513169	7.01993508	9.126089021	6.783186595	5.6973927	9.441237279	14.82217183	17.81648748	8.485707677	8.034288919	21.37100948	14.86307377	7.163787931	15.16266168	13.67039866	17.52799845	6.200983769	7.649814142	2.986058401
10	Manouria_impressa	1	0	0	1	1	22.34959138	54.81661091	11.98777384	7.86895087	28.39727812	17.03650399	15.30410458	19.42418059	14.97573327	11.33418094	17.52843035	30.36097871	38.88382155	12.09712989	12.93400341	35.59655618	27.73291007	14.7526721	25.10829427	23.23162791	33.66965115	11.47518802	16.23779774	4.068652299
11	Dipsochelys_dussumieri	1	0	0	1	1	30.38812626	65.42790403	11.60043861	16.08188141	38.99291446	20.79761564	18.6940541	19.98556781	16.91485583	11.47256187	23.57792522	30.30789177	41.65404856	15.93711553	17.86036099	46.2025846	40.87702139	26.71166069	32.35120278	35.39818816	43.30980531	16.80498782	20.62000482	6.889407955
12	Chersina_angulata	1	0	0	1	1	13.92887848	30.84255945	6.841884722	6.311972192	17.35193565	8.965205387	7.812320027	11.04072248	6.911256492	7.110316173	9.339200145	15.37880028	20.16289687	9.132468368	8.954993888	21.55783439	14.40443493	6.562192677	14.0851915	15.10385444	19.02528718	6.577958868	8.535136529	2.503027966
13	Testudo_weissingeri	1	0	0	1	1	21.60058114	41.61838454	8.175948166	7.589677548	26.79954231	11.77429964	10.74285109	11.54350413	11.2563789	9.828631193	14.41787702	20.41376905	27.66435626	10.912566	11.06003971	29.20986661	22.15185387	10.93048273	21.18167028	21.59396899	25.96473154	8.697524582	12.14257579	3.895587507
14	Gopherus_berlandieri	1	0	0	1	1	20.12031591	45.12713248	9.659225169	7.342526649	25.02449308	12.35028582	10.64638686	16.44028559	12.21053171	12.54806753	13.33796447	24.70210094	29.82139839	10.61510837	10.42568232	32.00442144	23.59261115	11.3913484	19.19985672	21.01361941	26.80256406	9.897812906	12.63617989	5.491781935
15	Indotestudo_elongata	1	0	0	1	1	23.49631823	47.80091477	11.36482941	8.944019159	29.70062327	12.40710585	11.58704612	15.58431719	13.16554062	10.30262247	14.75056412	27.66044695	30.56362275	13.89724904	12.57825563	35.77327847	24.91632772	14.61458599	19.79051233	22.42936389	26.80929659	11.75425247	15.04725677	3.283753287
16	Geochelone_pardalis	1	0	0	1	1	40.59292587	76.52493041	15.64344984	14.67238605	49.45118437	20.07958289	18.7103481	26.11777646	24.85372582	15.27744823	21.85033254	41.03079362	54.3260192	17.55472235	18.49434889	55.3537445	37.8208964	24.10219536	33.41032407	35.50236298	47.25195679	18.75258484	24.03257241	7.917850645
17	Geochelone_elegans	1	0	0	1	1	21.142014	39.47707211	10.14625341	8.363157187	26.64293862	12.39168112	10.71606923	11.34656213	10.43408077	6.514181233	12.23661108	20.3592843	26.22518834	9.356907724	11.65900316	30.55714247	21.62447152	10.22521311	19.8700808	21.16690316	24.02097957	9.614610779	12.54051512	3.476057
18	Geochelone_carbonaria	1	0	0	1	1	30.03929719	61.38231295	13.63857763	11.84406924	37.34382839	16.18161409	13.46098041	22.37133197	17.83081836	14.65238718	18.8580707	33.14619439	36.72708147	13.41121831	16.70959505	44.85907393	31.8192666	17.36524202	25.61419631	29.81813076	37.14802925	17.68050099	18.81895307	5.724496634
19	Trachemys_decorata	2	0	0	0	0	14.87982115	36.66173352	6.777863218	6.044409033	20.53632386	11.01793233	8.702882228	12.87993002	11.6734544	4.860125017	11.05850631	19.84624982	25.7788184	9.649853597	8.189318179	26.58770174	18.54889412	8.639750876	14.86964027	13.7418754	22.27882474	8.763859481	8.574435252	1.707383268
20	Deirochelys_reticularia	2	0	0	0	0	20.72514385	49.73210473	4.797208257	4.793721281	26.67221141	13.15353964	14.9693285	18.18984139	14.41315114	6.856439568	15.25818039	24.95541292	37.072237	11.51969884	10.16524177	30.43513197	20.21630431	7.605992531	13.19843583	17.36560351	30.05601987	13.34398457	6.392765522	2.192662254
21	Emys_blandinghuii	2	0	0	0	0	17.89802151	44.98394825	6.610606513	7.354701198	25.40446406	14.98096241	16.83600231	18.07755468	14.3467746	8.091679298	17.23158789	26.41752096	38.11153794	11.3547492	11.42576868	34.12069886	23.49971746	7.717621498	18.49885641	18.93278274	32.75740119	13.65208437	8.703915222	2.0543695
22	Terrapene_cohauila	2	0	0	0	0	14.25613345	31.11350339	6.150906371	4.933991034	17.71054411	10.72698104	9.048668399	10.90624084	8.170761703	4.810731821	9.45192326	16.40667556	22.15717607	9.683712943	8.853449059	20.60741443	15.40800432	11.68185245	16.47091345	15.88638597	19.76204493	9.081086324	8.42414508	2.281988672
23	Terrapene_carolina	2	0	0	1	1	13.38706056	31.12145801	5.830104716	4.654372355	17.02286099	11.02597197	7.813547268	11.8649012	9.001641923	6.432605169	7.589087641	17.509536	20.91866097	9.659994241	9.204430077	20.16455579	13.20020439	10.64932996	15.47508088	15.37361825	17.99109612	7.890552895	9.444899114	3.423266651
24	Chrysemys_picta	2	0	0	0	0	13.24570999	31.32985097	4.390195313	3.764217312	18.39076426	9.847090157	7.75514511	11.30393146	8.840243774	6.015689057	9.053246047	15.33725641	20.05951863	9.270924765	8.138746581	22.33822062	15.75318265	10.62102805	13.47980372	13.90413667	17.77805968	10.99964052	6.928981658	2.624472024
25	Graptemys_barbouri	2	0	0	0	0	26.51085506	52.63713359	6.958401498	6.871523931	39.73513307	23.48953955	20.43654454	24.65933294	24.4322567	5.781873561	19.20950744	37.36091285	47.62203093	12.70713552	12.18741953	45.25720989	31.57979803	10.26511699	29.3888427	28.66542446	41.40543817	12.03384014	10.5730931	3.469555356
26	Trachemys_terrapen	2	0	0	0	0	19.61698236	48.72222428	8.828532307	5.883814363	32.0758389	15.51455449	13.30046114	19.10929578	16.34581349	7.979510867	15.00024079	27.25854117	36.10296341	12.19580352	11.13869345	36.9374302	27.06946471	12.509896	23.54737798	22.03932865	31.66550231	12.97452321	12.76004659	2.007703135
27	Graptemys_gibbonsi	2	0	0	0	0	38.2533285	68.46425293	11.39125496	9.253693706	51.41740882	31.68288564	34.32463228	31.56314728	29.41928304	8.08185313	24.96721426	54.58925817	68.67275374	14.76577985	13.13069267	57.30184504	37.20408998	14.16209415	31.70477236	33.58993149	50.60705735	13.55156476	14.92060514	6.725919848
28	Graptemys_ernsti	2	0	0	0	0	33.72689417	58.45210441	8.034777545	8.96685089	44.10947535	27.38016533	26.78929498	23.85384198	23.47992113	6.869936479	21.42884489	43.97794653	58.8865768	14.81566306	12.22016159	47.97663108	30.18720514	13.01138867	25.21789066	30.99404606	45.00272632	11.6073446	12.88776339	4.897317754
29	Graptemys_versa	2	0	0	0	0	17.5428132	38.17603601	6.582377864	5.886583261	22.75380337	13.02466755	11.76242425	14.47131461	13.18165808	5.162466971	11.06520009	21.25271957	28.89963976	10.69931192	10.28564362	28.67166958	16.30512762	7.412757739	16.65520334	17.31569989	25.27164205	11.05692445	7.449769119	1.697373113
30	Pseudemys_rubriventris	2	0	0	0	0	23.50439427	52.27309544	7.970146844	8.654382565	33.78836442	15.86719134	13.87192028	19.39001071	16.81565498	7.064483573	15.56357397	27.64562018	37.60383267	14.04767154	13.40495348	37.39511867	25.00546133	9.630893323	20.73280584	25.087247	33.91100004	13.17120646	9.943593812	2.234799659
31	Graptemys_pulchra	2	0	0	0	0	32.75788986	58.52042278	7.242672786	7.648589328	43.02497652	26.39822965	26.30982065	22.9606976	22.02594366	6.103387289	22.18484643	43.30157752	55.8993785	13.79366537	11.63898625	44.95799339	31.76307201	12.48648168	24.97766395	29.49419595	44.7081082	12.05309282	11.71796675	4.736839225
32	Graptemys_oculifera	2	0	0	0	0	17.90874772	36.68953886	5.062970635	4.843116005	22.49741006	13.77540869	13.69112316	12.83033045	12.64662687	4.47580998	11.83909484	23.63501908	31.9124985	9.673517596	8.965406913	27.93536137	17.90159701	6.751002096	16.58396641	16.95419878	26.48673606	7.480083047	7.12014079	2.304860537
33	Pseudemys_floridiana	2	0	0	0	0	22.45296729	48.50294841	9.450043822	8.960324188	32.12354183	16.10224417	12.32916631	16.38578531	15.5087096	6.693040195	13.46904933	24.66880446	29.2084176	12.17233872	13.06376783	36.76021226	25.18830118	10.66218126	19.82037895	25.56872201	33.28353887	18.42553872	10.14113272	1.009740782
34	Pseudemys_nelsoni	2	0	0	0	0	24.01023647	50.87592668	8.975142928	8.718368649	32.84043782	16.70266718	16.35111657	16.79906029	15.95779016	7.23793605	16.73478357	27.85706876	36.80403671	13.33529834	12.68458296	36.75720478	26.09202203	12.01591547	20.87956977	25.66576113	36.19638283	17.01417919	10.99174049	1.23580114
35	Terrapen_nelsoni	2	0	0	1	1	15.9408675	35.58597399	6.611116962	5.327260067	19.99912574	13.26816217	10.18875813	11.72467476	12.62673855	7.645427217	10.24223016	20.57414141	23.75475704	9.904362063	10.61068433	23.36554756	18.6527931	11.39137592	17.97613167	19.1664146	22.8079535	10.31503097	9.388208316	3.134286351
36	Pseudemys_concinna	2	0	0	0	0	16.98260086	39.15609034	7.796705293	7.757894729	23.75788511	13.1419874	11.06230638	12.42382712	10.13980412	4.90380991	13.33198519	18.5490454	26.80933398	12.19460162	11.88674636	27.21386063	22.01204228	9.935654911	17.56351501	19.14953036	27.88413295	13.68760307	9.348561207	0.76419138
37	Clemmys_insculpta	2	0	0	1	1	17.85932333	40.0121353	9.922445271	7.252351142	20.87201558	12.85440084	11.12321313	14.32410501	10.75033631	9.03662695	12.53789285	21.81712298	27.98321776	11.77120986	10.08552567	27.69592935	22.05178443	17.70017182	21.07733633	17.5386436	25.20327178	11.60222589	12.69870901	2.955657791
38	Graptemys_geographica	2	0	0	0	0	19.4587319	43.68067843	5.43789205	6.241105557	26.85187738	15.24603992	14.4462518	20.44641665	18.88678488	4.749040083	13.76733331	29.32200224	34.94263398	10.60595064	9.538863275	34.12832207	23.61432536	9.06300576	17.30010045	20.0955799	28.16008535	9.882256337	7.928820542	2.678767907
39	Trachemys_scripta	2	0	0	0	0	16.72915943	38.87116729	6.262385826	5.804502973	24.40122605	13.17780108	12.83740629	15.96752588	13.83758182	6.690943383	13.96456786	22.77295125	29.814577	9.752102995	10.21214723	30.02688915	23.33902591	8.198862882	18.25132188	19.09953078	27.8108038	12.49364374	8.331211291	2.336261541
40	Malaclemys_terrapin	2	0	0	0	0	17.17791591	41.88730132	4.696348422	4.940999947	25.39863236	13.57366253	16.43632257	17.25518754	13.96163178	6.163439513	17.633542	25.22852389	38.80131982	9.104002977	8.227899743	30.49537232	21.53123662	7.947943695	19.52802425	18.90196702	27.75845233	10.70445076	6.825594871	1.82233316
41	Malayemys_subtrijuga	3	0	0	0	0	25.15148988	49.83341365	5.71638104	4.597695353	32.10014162	17.82412993	15.87027444	22.06401033	18.93677765	4.464075145	15.70765938	33.35164309	41.21522175	12.79693698	7.923544113	32.76472873	24.28824578	17.75444718	21.35635195	23.14365919	29.5397462	9.454453987	11.94347453	6.990958122
42	Hieremys_annandalei	3	0	0	0	0	37.59520699	80.61483753	16.12293916	9.794916255	51.77485235	25.30963333	25.54196548	28.66391581	21.31789054	22.82694705	30.85509709	39.86808292	61.5930072	17.94426902	15.51287778	61.91588916	46.32833798	26.04412251	31.88879811	34.91072628	54.59391187	19.09605734	20.49148099	6.413741719
43	Cyclemys_oldhamii	3	0	0	0	0	18.14241491	41.31534207	8.504475166	6.937425437	24.06542254	11.62850508	10.66092154	14.140447	11.32873514	9.502306637	13.21556525	22.43905794	30.78333833	10.8019022	11.25526839	28.58108079	22.64292569	11.7000616	18.44507841	19.07476387	24.48273659	12.85466157	11.60400176	3.497131591
44	Chinemys_nigricans	3	0	0	0	0	19.81604206	47.33651297	8.497585623	7.68096257	29.7630927	16.84625496	16.65909557	20.75184919	16.40268439	7.567241035	17.61264509	29.42527567	39.77774157	12.06315468	10.27409923	35.55305475	28.42163145	16.42402151	23.26030242	23.05981119	31.14950462	13.857292	12.0001867	3.75806594
45	Callagur_borneensis	3	0	0	0	0	23.93328706	58.05471462	11.96733222	9.669528597	33.28396877	22.37704514	19.41222922	23.06374158	20.40305516	10.95799344	22.16472108	31.89916062	45.85282874	14.31938698	12.74013816	43.80560518	34.6580408	15.69930671	26.68238715	26.46486402	37.74111665	12.39635525	15.94636503	5.462986109
46	Cuora_flavomarginata	3	0	0	1	1	18.50804954	41.53315499	8.701720866	5.31863815	21.50475168	14.39326197	12.0280905	14.63962636	11.42875673	7.790029758	12.6591345	21.23233623	28.99040735	11.97681368	10.19003211	27.16228384	20.11426152	12.98394324	18.80885017	16.71254687	22.66496111	9.544222734	11.68586957	3.312366807
47	Notochelys_platynota	3	0	0	0	0	18.15421855	43.97131711	8.607540642	7.118791851	24.39013616	15.31595266	14.52060173	15.39485206	13.14748012	8.149395065	16.96078569	24.27932287	36.16915055	10.45460908	10.89211745	33.14654868	26.2603558	16.18036853	23.17539456	22.24576397	30.12538485	14.93920475	13.36444895	4.86831907
48	Rhinoclemmys_punctularia	3	0	0	0	0	15.5283622	37.56621323	8.112301594	5.507656218	20.83624389	11.57578283	9.410803704	12.54002186	8.265645514	8.54829487	11.25539105	19.26881871	26.89259607	9.420413861	9.273062519	26.07954631	19.51232324	14.02339635	20.32866208	16.28537241	22.4765119	10.91912393	11.20631745	4.267772158
49	Mauremys_iversoni	3	0	0	0	0	16.47917129	38.05893209	6.66189575	5.500392149	18.88628231	10.67341222	8.980918063	12.63183091	8.534041823	7.339945785	11.77710829	16.38071861	22.86538916	8.333515847	8.250928277	26.17634051	20.59035061	12.19559586	15.51626664	14.93384175	21.32472553	13.504326	10.09079225	4.872886969
50	Hardella_thurjii	3	0	0	0	0	18.64553425	40.17054341	8.699916603	7.023513448	24.1129416	12.58301923	12.98474388	13.95940799	13.2578505	6.145388972	16.45716884	19.59328493	31.62133227	10.66004678	10.36774158	29.28671067	22.40532741	10.40536621	20.01122125	18.87305641	26.5402961	12.86103383	10.69514736	3.329938056
51	Chinemys_reevesi	3	0	0	0	0	20.13726029	46.17650436	8.227577817	8.112815857	29.00261037	18.46313995	17.04268119	20.10199904	14.49677953	9.053989265	17.46768356	27.52672348	37.51931125	11.28189151	11.76246596	33.96825732	27.31958621	16.21232598	22.16938166	23.30083327	32.22614392	15.07183212	12.07177285	4.04737521
52	Pyxidea_mouhoti	3	0	0	1	1	20.14409546	47.76347264	8.050377676	5.646915813	25.03848519	25.96421759	12.91395696	20.90198251	14.19097728	14.14359544	13.49342555	28.8397568	34.28813777	12.51648852	13.22793292	34.80889619	24.87760568	12.28252145	22.32712176	21.58526769	29.63427444	12.83335669	13.20674996	4.57378731
53	Geoemyda_japonica	3	0	0	1	1	13.66266259	30.71533517	5.363977975	4.135475076	17.36188673	14.37924237	8.623419973	11.66752439	7.500204789	7.254135861	8.813072085	15.54097195	19.95785919	8.203069509	9.544947124	19.24775177	14.57753888	9.880194714	16.56517918	15.82346652	17.50079771	9.240603802	9.307152844	3.544475942
54	Heosemys_depressa	3	0	0	1	1	21.54497316	45.33966308	9.636618815	6.701192541	30.5343546	14.72003731	12.9065095	18.30183921	18.42302022	10.02883062	16.23510963	24.74622487	35.15077981	14.13041624	12.39700624	39.39659165	26.08350098	15.26633583	23.68651382	20.68385738	29.99885945	8.9920796	14.10421584	3.655418438
55	Cuora_amboinensis	3	0	0	0	0	17.43144781	40.55311725	7.685516793	5.671009183	21.63377528	12.0634528	11.27791458	11.9919803	10.53582525	4.852670134	14.48369759	20.89100042	30.14998222	9.862364919	8.689135668	26.33399652	22.10896811	11.70764924	15.72326075	15.04523568	23.10459402	10.71658593	10.42106114	2.937136905
56	Leucocephalon_yuwonoi	3	0	0	1	1	16.7103508	40.0887737	9.220548346	5.87847081	23.28943464	15.35693495	13.19532124	13.08923765	15.21848403	10.5047124	15.26618529	21.6641998	30.53468533	9.911156115	10.84994949	31.47922065	25.22254902	13.29584525	19.75805954	19.83656996	28.67605132	10.78420742	14.0228787	4.795668471
57	Melanochelys_trijuga	3	0	0	0	0	20.23587245	54.9320033	10.93384167	8.846373226	26.09404892	23.0268402	20.92337942	19.38109232	16.36189715	12.89060725	21.3887034	33.62251444	47.99678728	10.82115309	12.22082479	38.48560936	33.36188599	11.84359981	26.00947243	23.1868387	32.96477864	12.27557076	12.89745298	4.873635247
58	Geoclemmys_hamiltonii	3	0	0	0	0	25.27879048	53.96837561	12.0909289	8.460237407	34.65684759	17.41979475	16.17968875	24.87878475	22.42309187	5.161840848	18.47789108	34.78797252	41.99293437	9.825373091	10.64536655	42.82449302	32.03866188	23.35572097	30.63569576	26.9006509	35.82062582	14.2639501	19.04088546	6.863583604
59	Heosemys_grandis	3	0	0	0	0	28.70655101	68.258124	15.56866677	12.92413096	38.93187969	22.47654163	23.06202412	26.94902165	24.67032523	15.35366795	27.22776965	41.59369611	56.9536534	15.70429431	13.91231458	54.18569836	43.18526951	26.8974487	36.35311792	29.21148688	44.93760839	15.79061864	21.62326965	6.30051259
60	Batagur_baska	3	0	0	0	0	33.09950936	77.57537434	17.40814769	13.52499417	43.8914415	25.37717759	28.73943956	29.68018345	24.84412671	12.509022	28.90350622	41.0252118	61.31799946	17.72155156	16.09787954	58.84738431	45.96328005	18.06599368	35.97257511	31.52482463	48.4574129	22.87345681	19.46023319	4.973134834
61	Mauremys_pritchardi	3	0	0	0	0	14.98358452	35.65474	6.570717471	5.934157645	18.86767175	9.482429095	8.451677988	12.35123309	10.98267346	4.484543363	11.46314939	18.80624172	23.90828087	8.085193788	8.307880078	22.05912407	20.10884423	10.80863299	12.55704298	14.36056108	20.55561014	11.87024394	8.907054712	3.10120387
62	Cyclemys_pulchristriata	3	0	0	0	0	19.57454406	41.07391598	9.354376704	7.32922566	25.34723351	11.5398879	11.35042309	13.73146531	9.890327978	8.60790298	13.16198327	22.78297981	30.43047659	11.37300904	12.3343861	29.3885205	20.76251044	13.98666502	22.0915669	21.8408737	25.0172381	11.55299216	12.01876905	3.887373842
63	Morenia_ocellata	3	0	0	0	0	14.07731178	33.14243305	6.77685737	4.643845841	19.45161855	13.04200146	8.96156191	11.5744045	9.770348667	5.864375652	10.61452434	16.35745623	22.59976509	8.796963153	7.973656007	22.66479082	17.22742686	12.90089197	17.15297354	15.92167376	19.35128183	9.254741633	9.698103717	2.922386902
64	Kachuga_tecta	3	0	0	0	0	13.27830907	32.26670499	7.50974745	4.512227385	17.22051543	11.00463435	8.725216685	11.14884721	9.543112261	5.573728495	12.57016647	17.65115581	26.74607566	8.834144506	8.947236188	22.28484207	18.23452564	8.787885244	18.04706121	14.19583291	18.74430713	6.959779369	8.304373266	1.884184107
65	Chinemys_megalocephala	3	0	0	0	0	27.92675941	59.3453065	8.626282191	7.453342761	38.49838159	20.35691502	25.07056167	24.25033963	22.45092825	5.07052979	26.33301109	38.36184092	57.22382853	13.00821635	10.97992432	41.33610253	37.73053111	19.34728064	34.96875202	28.24424156	38.33754521	13.85937199	14.73109174	5.576959921
66	Kachuga_smithii	3	0	0	0	0	15.17662728	35.45124708	6.267387581	4.648440433	20.77280962	11.23119224	13.72843964	12.37393153	10.62749622	4.235710983	15.85082811	19.57035609	32.04704777	10.42972114	8.884484228	25.82030927	21.25544526	10.81702953	16.79626324	15.45429881	23.28652699	8.612666381	9.111673994	2.838210982
67	Rhinoclemmys_areolata	3	0	0	1	1	11.22100215	26.7242699	6.304857359	4.953778042	14.51413379	8.618616022	6.838649188	9.032034228	7.46021662	5.855529788	8.366063401	13.02902041	19.05241997	8.226286555	7.881486102	17.42210489	13.65952813	10.52096445	16.22388743	12.71305632	15.31948648	7.853670595	7.551664596	1.662114055
68	Kachuga_tentoria	3	0	0	0	0	15.94872718	37.94676976	6.958317815	5.253628083	21.46107016	14.89313638	14.18673867	14.38979956	13.10917404	5.783855609	15.50662639	22.75148817	34.9833236	10.71079006	9.432312377	27.33266502	20.91261588	9.268148157	19.74305558	16.83998629	22.42052691	8.453489432	8.999562568	2.880913262
69	Heosemys_spinosa	3	0	0	1	1	21.20897405	44.59441645	10.2414193	6.043404814	28.34447783	15.02244836	11.47552145	15.29816369	16.69508137	9.612461773	14.48008484	24.41213218	33.4033321	10.2563649	10.34247671	33.19524321	23.41995744	14.27405414	24.21419178	19.35378223	26.15444936	8.190171459	14.36596095	4.294807588
70	Kachuga_dhongoka	3	0	0	0	0	26.82947527	62.37793835	11.13699513	11.0436651	36.1704934	19.6937086	21.84112407	27.51816053	24.9316513	8.062258108	24.47608706	33.99563031	50.32862132	14.76398083	12.37836321	46.61471558	35.69104305	18.25694392	27.99297214	27.43905886	42.46995437	20.9620951	14.66238253	5.643301737
71	Orlitia_borneoensis	3	0	0	0	0	35.98972575	75.58785903	16.0463905	13.89218888	49.43038952	26.20934351	36.13566766	28.65502468	23.79055535	12.71480364	36.92219857	48.74430271	75.08619679	17.95368866	16.76586008	61.66679368	50.97209327	28.56711023	40.49272335	35.1997099	52.9858744	19.4904849	23.66319584	9.69007665
72	Morenia_petersi	3	0	0	0	0	16.69585685	40.57312369	5.978929262	5.77971045	20.51913858	12.25653689	10.04105717	13.56790214	10.64503135	7.486710219	11.8735885	21.56529187	28.65052053	9.378849611	8.756239036	26.01657512	18.990237	15.47430641	17.88948312	18.3126771	23.59063709	11.40164974	11.18068183	5.228977361
73	Sacalia_bealei	3	0	0	0	0	10.77095483	28.49167168	6.018086741	5.433531721	15.25685859	9.357812733	7.660463354	10.60756061	7.591796885	7.273230334	10.17929391	15.75084845	21.31568392	8.238969763	7.204059379	19.27430896	16.05909519	10.25132711	11.90969134	13.04155089	17.19725668	8.494255932	8.367219518	2.480547697
74	Rhinoclemmys_nasuta	3	0	0	0	0	13.46807804	33.79537589	7.99417778	6.944500764	18.15459257	13.28802494	9.452830039	13.78678022	9.919191555	7.228767464	11.11914119	17.95478404	25.6709901	8.564538654	7.74538602	25.71371023	17.9852365	10.85642734	16.97988703	15.42399679	20.18064297	7.709536093	9.784956251	3.089578444
75	Geoemyda_spengleri	3	0	0	1	1	11.10876882	25.52812345	4.322075973	2.486365497	13.8459331	10.05304283	6.859380428	8.585824804	4.773111396	6.400084259	7.299330724	13.1823775	14.75457016	8.060087293	8.204427626	15.3791353	11.95200395	7.127629659	13.09720181	12.74367141	15.07958295	8.737702679	6.901548395	2.339192059
76	Siebenrockiella_crassicolis	3	0	0	0	0	16.80178	35.65732397	6.947396695	6.0027265	23.92294885	14.04861837	10.01505709	12.29746071	10.90457917	5.091651104	10.28728016	19.79457987	25.67860144	9.465590662	7.637503537	27.33030823	19.03493915	15.09727591	18.71631857	17.6273462	24.88186757	9.493393203	11.15632024	3.646365963
77	Rhinoclemmys_pulcherrima	3	0	0	1	1	13.75093764	33.13385291	7.466258969	5.887600315	18.92499743	11.47516198	8.186998102	11.23550015	8.410965451	7.052947698	11.45103271	17.22327799	24.27337361	9.206013958	8.194179792	24.39612755	19.13633385	9.966431773	17.21627066	14.05665427	19.9606303	7.023519004	9.162165128	2.734850614
78	Rhinoclemmys_diademata	3	0	0	0	0	14.86644824	37.80401888	8.580824587	6.326800751	20.0449024	10.60292621	10.59162257	12.94608846	8.194684592	8.764066587	11.89811333	18.82976185	28.21907445	8.626110484	8.627340285	25.27620163	18.00550167	13.38915718	20.3672399	15.20746498	21.62234304	11.07413958	10.94945104	3.579372133
79	Rhinoclemmys_annulata	3	0	0	1	1	16.66712907	36.99465242	7.03008561	5.302452897	20.6477382	10.43030655	9.435693309	12.65699231	8.24966985	9.03064865	11.27927164	18.41388218	24.5565879	8.510233887	8.947505264	25.98302603	19.22916552	12.16987826	15.50323877	15.71446096	20.7135596	11.54047772	9.76099522	3.844382688
80	Rhinoclemmys_funerea	3	0	0	0	0	19.58066607	49.90331504	11.57182144	8.442465702	26.67824887	15.4454626	14.7673834	19.03274055	12.24244197	12.30719795	17.01751417	26.42946894	39.0087971	11.64332886	9.498258839	35.67536444	27.54519125	17.00959834	25.62404836	21.24039315	29.83196128	11.05374488	13.72579958	3.124486463
81	Testudo_hermannii	1	0	0	1	1	15.38885704	30.80515836	7.714424024	6.259921894	19.46058542	9.224543657	7.725108887	10.2184115	8.395030332	6.930500796	9.866058515	16.98533625	20.22322035	8.341800931	9.261939005	22.50118733	15.37867105	7.967409933	14.12561761	16.20444058	19.41948398	8.512029962	9.381611056	2.775738043
82	Mauremys_leprosa	3	0	0	0	0	15.80338543	36.26886029	7.064999003	5.916202875	21.40557067	11.24319526	9.634256664	13.37103616	10.61631161	6.774602746	12.53042985	17.43743709	23.45993114	8.992965169	9.508462143	25.48048586	22.27914273	11.83653061	19.43428875	18.0762434	22.94214896	13.69576513	10.1888435	2.976861954
83	Asterochelys_radiata	1	0	0	1	1	28.00067754	53.57127092	10.20080823	9.521629231	36.75814571	19.39116109	15.33576439	15.08243296	13.8979639	10.82859241	18.87883066	25.77166173	36.27767139	11.41575515	14.96678501	40.17344069	32.01441839	13.45234128	27.90696595	30.05093392	33.8381818	15.58941917	15.90930965	6.719059037
84	Testudo_graeca	1	0	0	1	1	13.41066608	26.07982821	6.467639375	6.370771459	18.0698807	7.780058935	6.004957609	9.555356321	8.529899534	6.94435547	6.800257813	13.4768682	16.82751079	7.231381842	8.909452621	19.78761861	13.06486783	7.746548242	15.88318192	14.38831807	15.82071301	8.250354722	8.334746249	2.120681906
85	Emys_orbicularis	2	0	0	0	0	15.2248814	35.53903421	4.382644752	5.775127517	20.4028596	9.785627057	8.397711588	14.20331948	10.77735923	7.078065718	10.39849937	18.01475736	22.69738934	9.202460172	9.329432043	25.3184806	18.3830278	10.47241796	13.47896967	15.78195925	21.24421829	13.46469919	7.681225948	3.358667844
86	Platysternon_megacephalum	4	0	0	0	0	24.67744156	45.24541547	7.332403866	6.627781198	29.56621671	18.81441033	15.07307834	17.13235097	15.57284522	1.905881515	18.91178397	13.4940448	24.79378978	10.68910637	9.763012842	37.45210128	33.76055236	17.85930465	28.08718026	23.04329152	34.20631877	24.5487684	13.97154817	7.171826751
87	Chelydra_serpentina	5	1	0	0	0	31.57349951	69.12204419	7.523472354	8.130953079	43.64116894	23.72941601	25.51591117	30.05268565	24.38144689	9.286749921	31.33716342	33.72513104	54.02902272	14.07034182	14.98216959	54.09105266	49.87162838	12.0187107	33.00239444	26.02780472	48.94579392	23.63196733	11.32471879	6.214691042
88	Macroclemmys_temminckii	5	1	0	0	0	89.36132666	151.8638868	28.18492729	24.22162076	107.4998219	69.34311018	54.65918	62.75309601	54.75939646	13.62322361	71.32847554	71.69028118	106.9199867	28.67339144	25.35194873	140.2505427	137.5576888	61.54630223	103.7339313	74.60836834	131.2631938	77.24808998	46.64839121	24.80406406
89	Dermatemys_mawii	6	2	0	0	0	26.07984891	61.4610748	12.75633358	9.895740285	35.81042074	19.9300229	19.10339157	23.23198521	18.03992549	7.527488478	25.39363611	32.70638999	51.62019428	14.89693183	13.73003288	42.69943247	35.53741775	22.16462363	29.4731961	27.23079614	38.02250882	16.30870335	19.92332424	6.173803664
90	Trionyx_triunguis	11	3	0	0	0	37.86446549	86.03263793	11.18454875	10.41612261	30.50265631	28.6253642	29.53951701	29.91176254	20.99882698	15.54300164	19.86264018	55.29115313	67.73908254	11.91392757	13.60034797	52.2100558	33.44031924	11.48788316	33.21684025	21.31090127	46.93568287	12.90415227	14.90307199	12.55538126
91	Kinosternon_leucostomum	7	2	0	0	0	27.30154152	47.22385084	9.529433311	5.614005055	39.38598901	21.10439365	18.36490564	16.9000314	13.90393028	3.197741128	19.39620081	33.46262529	46.66557316	9.59936982	10.15172276	36.72324087	27.55919937	17.8845871	24.3432416	25.12655504	34.53561941	10.92884597	14.87142557	6.335321024
92	Staurotypus_salvinii	7	2	0	0	0	30.98638016	60.55911259	13.63789618	9.538045179	45.02086356	25.62538779	18.88244649	26.56924162	21.51742208	6.326566413	23.95530218	46.92849639	57.67680728	11.82093298	10.84794705	54.03531753	43.04576426	24.30468626	34.42643729	29.32094872	41.44867501	10.07804385	20.54110827	8.056230702
93	Staurotypus_triporcatus	7	2	0	0	0	32.70285762	62.71046333	14.02229021	8.609912773	46.89732602	24.98974036	21.27598243	25.47125442	17.84932527	8.336927116	23.87840028	45.84622158	59.65861475	10.10687631	10.28904275	53.24607838	40.66065523	22.11356217	31.63594637	29.9732742	41.05947562	9.857048213	22.41921701	8.69603298
94	Dermochelys_coriacea	8	4	0	0	2	148.9730469	222.7825459	63.92748866	34.81764712	165.5012179	85.87492815	81.07893617	58.69751615	61.22495603	40.9726678	119.7411626	51.34898398	84.78703808	58.21139606	66.30443867	171.6213007	198.3526543	93.10911696	166.5994787	132.5906548	179.8568287	160.5566114	76.61636287	15.08950463
95	Caretta_caretta	9	4	0	0	2	71.67635388	134.6062146	25.62230305	19.52689548	76.28399449	50.06504039	53.32442427	64.32126315	29.79416924	38.05580105	57.2414978	57.18787649	50.13297631	38.02386281	41.33090894	108.1513913	92.66434373	54.29311396	46.24931413	77.97553954	100.4300304	95.31101693	41.23166091	16.25343564
96	Eretmochelys_imbricata	9	4	0	0	2	74.93111968	142.1231605	18.12980431	18.79044753	59.95959705	43.68370855	47.99186582	54.26938298	16.9262904	42.91242136	54.49287501	40.38636063	47.82778346	36.43657001	37.51778658	83.67694116	80.0004199	39.4919523	48.71210655	65.48463422	89.84462199	88.07501044	34.15458203	16.64596954
97	Chelonia_mydas	9	4	0	0	2	72.38261558	148.7581678	25.65514964	24.2863758	82.32978644	60.34389601	59.4263485	53.38231471	32.33296189	26.50095863	62.43859973	35.29533532	58.48314596	37.26349571	45.11321098	107.1970946	98.76649928	59.41402608	65.19819797	92.01295267	116.351405	117.517509	41.82072091	13.22029082
98	Chelonia_agassizii	9	4	0	0	2	74.3145139	147.8061223	26.98599778	24.70040001	84.72877833	55.52482796	57.92293383	51.74294724	31.39383773	26.28346863	62.22210313	37.41157298	59.46940949	36.75381338	44.44350674	100.8336605	98.74333913	47.17008835	68.70254141	89.47120871	105.4790864	107.5419335	39.57772002	11.49152262
99	Lepidochelys_olivacea	9	4	0	0	2	79.00625927	141.2697415	28.17556244	24.73380653	91.0950739	59.18421643	58.9139905	55.0376322	20.33868822	37.62629982	67.68530692	63.73525613	54.03001051	39.33099348	44.41990429	107.0511425	103.9265218	50.15875644	52.65036751	86.62258067	109.227742	98.5977597	43.63275569	13.80227726
100	Lepidochelys_kempii	9	4	0	0	2	79.22466335	143.9842335	29.64734659	23.00290459	98.72624189	58.85488936	64.87222318	58.82338331	26.90649536	37.02346952	61.17320835	56.23701823	53.30659027	35.41533715	42.12889664	118.3952679	102.645589	50.60938235	60.75888873	89.73635658	113.8122387	113.1514119	46.80806044	17.27890586
101	Natator_depressa	9	4	0	0	2	90.36935291	152.6286226	32.78221617	23.38494415	104.8988041	60.6674691	59.59488313	49.65239517	21.47602112	36.72869972	69.39890435	50.15989551	59.80842704	41.59557399	45.19181635	126.5499991	121.2872349	66.45731865	68.80480381	95.12472695	124.1515459	115.2460874	51.83462679	19.09363783
102	Carettochelys_insculpta	10	3	0	0	0	36.5565842	77.0859915	19.35918716	17.60014978	45.38348683	25.50662211	31.31763175	29.21167201	27.41929542	3.69886031	29.89104134	52.58471097	73.23504138	15.06613947	15.80010371	55.14448969	48.87671618	32.35336328	53.99714188	38.60253685	47.49119935	16.37811901	29.52584641	11.35222661
103	Lissemys_punctata	11	3	0	0	0	21.3357402	53.08097089	8.541727007	5.88247041	20.6095622	17.09531849	15.25786178	21.80571594	17.26111026	9.860378227	13.47246375	39.52918022	46.81698028	9.70312604	8.992704008	33.9005951	24.03383033	4.019162979	20.00007536	14.98821027	26.54482143	7.385429159	5.898790695	5.902559542
104	Chitra_chitra	11	3	0	0	0	70.54973361	160.5218148	7.709696282	13.74403979	55.38020177	39.41683405	43.18777098	52.18977278	29.0317093	30.48133228	32.92372316	119.0839517	137.9376069	15.23383739	13.26399474	91.74448351	56.40447647	13.76812307	41.78556431	34.90718139	74.15776252	46.06090242	13.71602614	4.906380073
105	Cycloderma_senegalensis	11	3	0	0	0	24.09684288	63.43532873	9.191701196	6.588404293	26.94397364	21.12520534	21.59074874	26.03717254	19.45607364	11.27725706	16.59290459	49.99075328	62.54236239	9.660514736	9.547729156	40.89073487	22.64949901	4.999239485	24.25333674	18.7367142	29.94766913	7.785815192	7.754043566	5.445093783
106	Dogania_subplana	11	3	0	0	0	31.48452478	75.91643455	9.406473754	8.770984384	40.43769772	27.22145644	31.72516572	35.59080014	24.41211069	16.51101566	23.26793177	66.93244704	80.61696467	11.96917285	14.20973476	55.05765559	40.62776176	7.662515983	33.650774	29.44022722	42.87496877	3.630191366	11.84263403	8.906273899
107	Aspideretes_gangeticus	11	3	0	0	0	42.92656634	114.435928	19.8077792	15.44786035	53.3234691	38.50008411	36.72736328	47.55941749	37.38563962	20.92940075	30.16614584	91.15613437	103.6673694	16.35801721	18.24315222	77.90574112	55.16929445	12.80665712	51.24759035	40.29808885	65.42438576	15.56406555	19.21862771	11.88179567
108	Apalone_ferox	11	3	0	0	0	51.11223935	108.5862605	18.44790563	11.6132231	48.64741777	31.60472514	36.20323977	46.20093411	33.28217654	19.44207291	28.21140982	81.27462931	96.43989555	12.54239693	17.51032299	72.53397988	49.48958494	7.997413157	42.34125625	33.53544925	55.99385969	19.19542835	18.79407077	11.58227088
109	Pelusios_williamsi	12	5	1	0	0	21.13413284	40.19109301	5.986195186	6.880104092	30.72403327	12.86089023	9.592881616	14.84668356	14.41196313	3.907538283	13.39849663	25.10844062	27.20720327	10.4428427	9.421610827	33.27287524	22.84414421	10.41937972	20.86112748	18.55931665	23.10333593	10.29021619	8.981752295	2.984122136
110	Pelusios_subniger	12	5	1	0	0	18.71015596	36.72332299	4.206525363	6.365933422	27.11631776	12.10033326	8.258386183	12.06515497	10.46335445	4.832902428	12.27172636	24.46322556	26.05467764	9.173978126	8.760523978	30.84358353	20.98741426	7.977100959	17.39996065	17.44936855	21.0906067	6.727035183	7.010455301	2.242658285
111	Pelusios_castaneus	12	5	1	0	0	19.67753908	40.94094484	5.046238449	7.239218989	28.68366453	13.73815829	9.353987752	11.41014383	9.584490961	5.813634424	11.51968368	24.88449916	25.92644928	9.576543526	10.2929728	34.06635239	22.5774524	9.400892474	19.49920709	18.38507146	24.12171797	12.0196976	8.329907551	2.478648594
112	Pelusios_sinuatus	12	5	1	0	0	23.18762405	50.32603916	6.33227704	8.056659189	32.89585052	17.99853219	11.83788494	17.56084842	14.76218421	8.037796049	14.72270039	27.76824096	30.19053769	12.62201185	10.16527228	40.98636448	28.81758712	10.4488808	23.27673581	21.20195249	27.40842683	12.40862895	9.027953913	2.765092612
113	Pelomedusa_subrufa	12	5	1	0	0	24.50044893	50.40213247	7.937497985	8.442279165	37.11357955	17.66177806	11.46369401	16.0464003	15.7107207	4.417186709	22.61697143	28.30231226	30.6676011	14.20983881	13.22045988	42.83503764	44.14893683	7.193885259	19.66065961	21.69970669	31.49321698	13.91672945	8.988497083	3.449429534
114	Peltocephalus_dumeriliana	13	5	1	0	0	38.03768701	77.04876683	13.67836238	10.7912303	48.13884548	37.10308982	36.05893346	29.97729468	27.88044572	4.247728454	39.00906611	20.60499923	40.9747809	15.45574003	16.9927209	57.85847977	46.70502962	23.94630415	56.27858571	40.38700048	64.55557119	51.05395293	23.65777009	13.062244
115	Erymnochelys_madagascariensis	13	5	1	0	0	25.94012813	54.30879727	11.19554209	8.071004678	36.83732129	23.0737327	24.73917631	23.28882569	15.45204985	8.931446377	25.79586165	19.897046	31.25167825	13.76489897	12.89024075	44.35634142	30.91873668	13.2914525	36.77231776	27.55680206	40.53169088	32.2459081	12.8568733	6.70793184
116	Podocnemys_expansa	13	5	1	0	0	42.15593352	92.2441778	13.2070898	12.28558157	56.38033279	33.47905713	37.27307582	39.83101781	31.41802908	21.85571282	37.67892948	37.88902833	56.1078202	17.81612887	18.62340596	76.57847069	51.83803753	13.33244143	51.84081262	44.9105412	61.04295328	50.48364728	14.71877419	7.318758106
117	Podocnemys_sextuberculata	13	5	1	0	0	27.91644228	52.15452261	8.34188213	7.274997461	37.48140595	19.52880427	17.09342198	14.3591831	17.07236713	7.904995631	17.00301227	17.83315237	27.96155335	10.460915	10.52033003	43.62848842	28.00536095	7.83941305	33.50532276	26.18336163	33.60798099	28.38110687	11.42470043	3.325157442
118	Podocnemys_unfilis	13	5	1	0	0	31.37722213	70.4128742	7.15097537	9.531139712	37.8478908	22.85232995	25.25783534	24.92573601	20.38819097	12.19585662	26.34011697	22.6608876	37.53432373	12.95655856	13.93318798	48.49134564	36.07249514	7.665922481	38.83493933	29.89229233	40.88946187	43.05650944	10.35873253	4.307846181
119	Podocnemys_lewyana	13	5	1	0	0	29.76696886	63.51634878	11.12405104	8.198636373	39.02654335	23.76934523	25.94209734	23.70751038	23.60885061	15.89506933	26.43146961	22.01998624	38.15108606	14.03943815	14.42507714	48.23082968	34.05281327	9.228696959	41.03381673	29.84122637	41.61938394	36.28219825	11.93667377	5.292966359
120	Elseya_branderhorsti	14	6	1	0	0	26.14340946	63.19354177	11.44862298	9.501287865	36.63910632	20.40088928	21.04464792	27.04303355	25.02905246	39.76668113	23.66916615	15.53038449	24.32048394	13.64947563	14.71157312	47.9114761	40.08364548	14.37089109	25.45812372	27.02190352	41.46360841	42.08432673	14.41880971	5.02655908
121	Phrynops_tuberosus	14	6	1	0	0	28.8617309	72.65412973	10.50194397	7.411363681	47.44650461	21.76996643	16.8705632	32.53218912	35.41503394	51.59720962	21.14512234	23.50069812	13.59886327	14.45957134	12.85972921	60.13145487	40.16685261	13.8454782	11.87338229	28.23541801	43.57768949	46.84760567	13.52128502	5.626262674
122	Hydromedusa_tectifera	14	6	1	0	0	22.75941225	61.35663116	3.99315665	7.084415657	35.97199858	14.92019615	10.51466466	28.17782925	27.88989876	48.27700486	12.0283073	11.93864757	3.125290555	11.62629765	11.45911752	42.62023653	22.92631433	5.327643845	3.856076103	21.8735913	28.66035149	46.13615005	5.618477176	1.688322455
123	Proganochelys_quenstedti	15	7	9	9	9	56.50641789	94.84138945	26.90273817	0.421292215	70.27868828	26.00762538	20.30971624	34.29134571	17.29090041	17.51249989	44.48094299	43.52658709	7.643518626	36.64518581	22.84777019	86.65296525	71.90488238	66.70319533	10.07685992	52.45461411	59.43267219	53.15559456	48.72528887	19.93344651
